CoNLL2003HMC_accuracy = 5.623572 
KW = 5.207348
UW = 8.933050
